,Id,BsmtFinSF1,BsmtFinSF2,BsmtUnfSF,TotalBsmtSF,BsmtFullBath,BsmtHalfBath,FullBath,HalfBath,BedroomAbvGr,KitchenAbvGr,TotRmsAbvGrd,GarageYrBlt,GarageCars,GarageArea,SalePrice
Id,1.0,-0.0050240490416610575,-0.005967671960281668,-0.007939703357717261,-0.015414566107910999,0.002288555600833932,-0.02015474521553456,0.005587452907357383,0.006783811284297757,0.03771855422321125,0.0029512363577246527,0.027238724409455572,7.239023599542003e-05,0.016569677112146044,0.017633778453766888,-0.021916719443431112
BsmtFinSF1,-0.0050240490416610575,1.0,-0.05011740004715191,-0.49525146925701485,0.5223960519923907,0.6492117535742737,0.0674184779101191,0.058543136861595575,0.004262424384486897,-0.10735467682307238,-0.08100685077857563,0.0443156239129205,0.153484098026779,0.22405352239399126,0.29697038534451464,0.38641980624215627
BsmtFinSF2,-0.005967671960281668,-0.05011740004715191,1.0,-0.20929449241994658,0.10480953760636849,0.15867806078170232,0.07094813365590494,-0.07644386196518434,-0.032147837468965525,-0.015728113626581382,-0.040751236448406995,-0.035226547947523404,-0.08801081541220061,-0.038263512869251774,-0.018226591907316646,-0.011378121450215216
BsmtUnfSF,-0.007939703357717261,-0.49525146925701485,-0.20929449241994658,1.0,0.41535960518158943,-0.4229004773832192,-0.09580428815248464,0.2888860554869107,-0.041117530144551086,0.16664331698696383,0.030085868314000223,0.25064706137624776,0.19070827345893301,0.21417518975021707,0.18330269774258381,0.214479105546969
TotalBsmtSF,-0.015414566107910999,0.5223960519923907,0.10480953760636849,0.41535960518158943,1.0,0.30735055373550824,-0.00031458181983372096,0.32372241360664983,-0.048803738635211875,0.05044995551267859,-0.06890064264201692,0.2855725637257923,0.3224451736794758,0.43458483429168826,0.48666546377379655,0.6135805515591944
BsmtFullBath,0.002288555600833932,0.6492117535742737,0.15867806078170232,-0.4229004773832192,0.30735055373550824,1.0,-0.14787096054760482,-0.0645120486313163,-0.030904959142533415,-0.15067280920796106,-0.041502546431483184,-0.05327523612339759,0.12455252442364917,0.13188122440619826,0.17918948042023325,0.22712223313149718
BsmtHalfBath,-0.02015474521553456,0.0674184779101191,0.07094813365590494,-0.09580428815248464,-0.00031458181983372096,-0.14787096054760482,1.0,-0.05453581198363702,-0.012339900052275348,0.04651884838995185,-0.03794435022720132,-0.023836341262220805,-0.07746361238070264,-0.02089105899687898,-0.024535579578879658,-0.016844154297359294
FullBath,0.005587452907357383,0.058543136861595575,-0.07644386196518434,0.2888860554869107,0.32372241360664983,-0.0645120486313163,-0.05453581198363702,1.0,0.13638058874914522,0.3632519830232792,0.13311521419603795,0.5547842535334817,0.4845573867195183,0.4696720432676313,0.4056562084540095,0.5606637627484452
HalfBath,0.006783811284297757,0.004262424384486897,-0.032147837468965525,-0.041117530144551086,-0.048803738635211875,-0.030904959142533415,-0.012339900052275348,0.13638058874914522,1.0,0.22665148415094155,-0.06826254889694165,0.34341485754091505,0.19678517580586416,0.2191781521671551,0.16354936401660505,0.2841076755947784
BedroomAbvGr,0.03771855422321125,-0.10735467682307238,-0.015728113626581382,0.16664331698696383,0.05044995551267859,-0.15067280920796106,0.04651884838995185,0.3632519830232792,0.22665148415094155,1.0,0.19859675770713586,0.6766199357426479,-0.06451843698438695,0.08610643768835352,0.06525252989881658,0.1682131543007415
KitchenAbvGr,0.0029512363577246527,-0.08100685077857563,-0.040751236448406995,0.030085868314000223,-0.06890064264201692,-0.041502546431483184,-0.03794435022720132,0.13311521419603795,-0.06826254889694165,0.19859675770713586,1.0,0.25604540853594737,-0.1244114015700182,-0.05063389240221826,-0.06443304718314428,-0.1359073708421417
TotRmsAbvGrd,0.027238724409455572,0.0443156239129205,-0.035226547947523404,0.25064706137624776,0.2855725637257923,-0.05327523612339759,-0.023836341262220805,0.5547842535334817,0.34341485754091505,0.6766199357426479,0.25604540853594737,1.0,0.14811171558596414,0.3622885708147703,0.33782212063683476,0.5337231555820238
GarageYrBlt,7.239023599542003e-05,0.153484098026779,-0.08801081541220061,0.19070827345893301,0.3224451736794758,0.12455252442364917,-0.07746361238070264,0.4845573867195183,0.19678517580586416,-0.06451843698438695,-0.1244114015700182,0.14811171558596414,1.0,0.5889200070047019,0.5645670607230588,0.48636167748786213
GarageCars,0.016569677112146044,0.22405352239399126,-0.038263512869251774,0.21417518975021707,0.43458483429168826,0.13188122440619826,-0.02089105899687898,0.4696720432676313,0.2191781521671551,0.08610643768835352,-0.05063389240221826,0.3622885708147703,0.5889200070047019,1.0,0.8824754142814603,0.640409197258349
GarageArea,0.017633778453766888,0.29697038534451464,-0.018226591907316646,0.18330269774258381,0.48666546377379655,0.17918948042023325,-0.024535579578879658,0.4056562084540095,0.16354936401660505,0.06525252989881658,-0.06443304718314428,0.33782212063683476,0.5645670607230588,0.8824754142814603,1.0,0.6234314389183598
SalePrice,-0.021916719443431112,0.38641980624215627,-0.011378121450215216,0.214479105546969,0.6135805515591944,0.22712223313149718,-0.016844154297359294,0.5606637627484452,0.2841076755947784,0.1682131543007415,-0.1359073708421417,0.5337231555820238,0.48636167748786213,0.640409197258349,0.6234314389183598,1.0
